X1                 X2                 X3
-0.743379061742233 0.795848393117622 -0.478007499062556
-0.722314475755773 0.815627179755613 -0.456059970007142
-0.701322503450183 0.83526692741429 -0.434202272309504
-0.680439224738637 0.854698551119008 -0.412479040913778
-0.659700447856934 0.87385348609662 -0.390934574668372
-0.63914161986155 0.892663859151698 -0.369612725601918
-0.618797738030464 0.911062658314178 -0.348556789316038
-0.598703262388183 0.92898390033438 -0.327809396768886
-0.578892029573632 0.946362795606778 -0.307412407719957
-0.559397168266177 0.963135910110262 -0.287406806102487
-0.540251016381178 0.979241323960163 -0.267832597584963
-0.521485040242045 0.994618786175714 -0.248728709577787
-0.503129755930812 1.00920986527612 -0.230132893935026
-0.485214653013832 1.02295809532884 -0.212081632594431
-0.46776812083321 1.03580911708500 -0.194610046391600
-0.450817377548239 1.04771081384921 -0.177751807276172
-0.434388402104175 1.05861344174417 -0.161539054149495
-0.418505869298402 1.06846975404443 -0.146002312534106
-0.403193088106292 1.07723511926864 -0.131170418275825
-0.388471943420902 1.08486763273496 -0.117070445469157
-0.374362841352141 1.09132822130099 -0.103727638786154
-0.360884658222122 1.09658074102623 -0.0911653503778833
-0.348054693384188 1.10059206751316 -0.0794049815062125
-0.335888625983537 1.10333217870094 -0.0684659290517986
-0.324400475767524 1.10477422990493 -0.058365537031989
-0.313602568043597 1.10489462091446 -0.0491190532498106
-0.303505502872442 1.10367305498101 -0.0407395911824028
-0.294118128573358 1.10109258954957 -0.0332380972041544
-0.285447519608062 1.09713967860614 -0.0266233232264682
-0.27749895889822 1.09180420653578 -0.0209018048225404
-0.270275924620897 1.08507951340631 -0.0160778448918315
-0.263780081514922 1.07696241161473 -0.0121535029050582
-0.258011276719910 1.06745319385452 -0.00912858975658924
-0.252967540158332 1.05655563238412 -0.00700066823711136
-0.248645089459684 1.04427696959816 -0.00576505912538276
-0.245038339414445 1.03062789992533 -0.00541485288384978
-0.242139915934188 1.01562254309784 -0.00594092692889207
-0.239940674482962 0.999278408859427 -0.0073319684325308
-0.238429722933874 0.981616353200156 -0.00957450259860708
-0.237594448793727 0.96266052622727 -0.0126529263427546
-0.237420550727688 0.942438311802517 -0.0165495472919849
-0.237892074305178 0.920980259096752 -0.0212446280064055
-0.238991451877637 0.898320006232923 -0.0267164353125409
-0.240699546488499 0.874494196208276 -0.0329412946249476
-0.242995699705615 0.84954238530595 -0.0398936491203484
-0.245857783256574 0.823506944224869 -0.0475461236163807
-0.249262254337864 0.796432952175058 -0.055869592995296
-0.253184214459615 0.768368084203101 -0.0648332550015857
-0.257597471678859 0.739362492029345 -0.0744047072315787
-0.262474606065749 0.709468678694725 -0.0845500281225757
-0.267787038239098 0.678741367330498 -0.095233861739090
-0.273505100799954 0.64723736437892 -0.106419506144273
-0.279598112484644 0.615015417606723 -0.118069005135642
-0.286034454851956 0.58213606926629 -0.130143243115821
-0.292781651312772 0.548661504771559 -0.142602042861161
-0.299806448304632 0.51465539726687 -0.155404265943874
-0.307074898408320 0.480182748477266 -0.168507915556684
-0.314552445198731 0.445309726238031 -0.181870241482966
-0.322204009617941 0.410103499109564 -0.195447846950030
-0.329994077654579 0.374632068490958 -0.209196797098448
-0.337886789110361 0.338964098651914 -0.223072728796323
-0.345846027231912 0.303168745107829 -0.237030961524015
-0.35383550898384 0.267315481767025 -0.251026609052174
-0.361818875737426 0.231473927282152 -0.265014691633929
-0.369759784148262 0.195713671039824 -0.278950248430839
-0.377621996995685 0.160104099223382 -0.292788449891569
-0.385369473756959 0.124714221383582 -0.306484709802424
-0.392966460689808 0.0896124979506497 -0.319994796729659
-0.400377580198153 0.0548666691188632 -0.333274944575035
-0.407567919257679 0.0205435855313438 -0.346281961968263
-0.414503116680214 -0.0132909588117368 -0.358973340222946
-0.421149448998802 -0.0465723910038918 -0.371307359586147
-0.427473914758809 -0.0792375206309557 -0.383243193516052
-0.433444317004372 -0.111224697714213 -0.394741010727058
-0.439029343754022 -0.142473966803234 -0.405762074747244
-0.444198646264331 -0.172927216833283 -0.416268840739379
-0.448922914885964 -0.202528326372711 -0.42622504934346
-0.453173952322536 -0.23122330389731 -0.43559581730623
-0.456924744109175 -0.258960422741005 -0.444347724671144
-0.460149526134607 -0.285690350385578 -0.452448898310854
-0.462823849038023 -0.311366271766276 -0.45986909159343
-0.464924639319743 -0.335944006285089 -0.466579759983188
-0.466430257012955 -0.359382118239239 -0.472554132387161
-0.467320549772354 -0.381642020388851 -0.477767278068892
-0.467576903244518 -0.402688070404967 -0.48219616896229
-0.467182287594091 -0.422487659956796 -0.485819737229804
-0.466121300069509 -0.441011296215568 -0.488618927921042
-0.464380203501849 -0.458232675571238 -0.490576746600226
-0.461946960640606 -0.47412874937782 -0.49167830182343
-0.458811264240543 -0.488679781562992 -0.491910842359435
-0.454964562824442 -0.501869397958003 -0.491263789061165
-0.450400082057338 -0.513684627224566 -0.489728761308047
-0.445112841678834 -0.524115933276448 -0.487299597953197
-0.439099667951153 -0.533157239114717 -0.483972372723076
-0.432359201591835 -0.540805942017081 -0.479745404031136
-0.42489190117123 -0.54706292004333 -0.474619259180903
-0.416700041966314 -0.551932529840653 -0.468596752948017
-0.407787710273681 -0.555422595754278 -0.46168294054476
-0.39816079319593 -0.557544390270695 -0.453885104984656
-0.387826963926973 -0.558312605842301 -0.44521273887873
-0.376795662573049 -0.557745318163927 -0.435677520708926
-0.36507807255737 -0.555863940993013 -0.425293285637984
-0.352687092667393 -0.552693172626362 -0.414075990928734
-0.339637304814565 -0.54826093416727 -0.402043676059255
-0.325944937587138 -0.542598299737297 -0.389216417633573
-0.311627825687155 -0.535739418807158 -0.375616279200604
-0.296705365352977 -0.527721430840821 -0.361267256106776
-0.281198465878792 -0.518584372466196 -0.346195215520155
-0.265129497352268 -0.508371077404412 -0.330427831776002
-0.248522234740984 -0.497127069407822 -0.313994517205341
-0.231401798467392 -0.484900448474333 -0.296926348619454
-0.213794591620846 -0.471741770622458 -0.279255989634036
-0.195728233963624 -0.457703921527598 -0.261017609027163
-0.177231492895913 -0.442841984335404 -0.242246795335150
-0.158334211552284 -0.427213101982587 -0.222980467899733
-0.139067234209403 -0.410876334369346 -0.203256784588953
-0.119462329191399 -0.39389251074037 -0.183115046422349
-0.0995521094655987 -0.376324077643408 -0.162595599338885
-0.0793699511270946 -0.358234942845420 -0.141739733353107
-0.0589499099758874 -0.339690315596442 -0.120589579351613
-0.0383266363951232 -0.320756543640421 -0.0991880037877812
-0.0175352887431799 -0.301500947380412 -0.0775785015379545
0.00338855452391762 -0.281991651612622 -0.055805087186906
0.0244089837801085 -0.262297415249909 -0.0339121850142987
0.0454898479846609 -0.242487459460299 -0.0119445179571205
0.0665948450409457 -0.222631294650120 0.0100530041743659
0.0876876125327726 -0.202798546724189 0.03203539694776
0.108731818611494 -0.183058783057305 0.0539577137461777
0.129691252806702 -0.163481338612046 0.0757751581113846
0.150529916533554 -0.144135142637469 0.0974431957116136
0.171212113070478 -0.125088546381888 0.118917665654200
0.191702536782393 -0.106409152250346 0.140154890864816
0.211966361366405 -0.0881636448338117 0.161111787257408
0.23196932689943 -0.0704176242324314 0.181745971421975
0.251677825470160 -0.0532354420894399 0.202015866561022
0.271058985181335 -0.0366800407455675 0.221880806409899
0.290080752312371 -0.0208127959159683 0.241301136881284
0.308711971436966 -0.00569336328289489 0.260238315179752
0.32692246329544 0.00862047061243692 0.278655006138689
0.344683100227168 0.0220729328061093 0.296515175538764
0.361965878974561 0.0346104033148643 0.313784180174715
0.37874399067663 0.0461815491581381 0.330428854445315
0.394991887877171 0.0567374526637783 0.346417593250108
0.410685348380103 0.0662317337367481 0.361720430985695
0.425801535792348 0.0746206657852109 0.376309116444142
0.440319056602912 0.0818632850142361 0.390157183426283
0.454218013655529 0.087921492813954 0.403240016893438
0.467480055881183 0.0927601509862385 0.415534914492186
0.48008842416623 0.0963471695719025 0.427021143298429
0.492027993241449 0.0986535870588845 0.437679991638906
0.503285309487339 0.0996536427709456 0.447494815860625
0.513848624561162 0.099324841255944 0.456451081931335
0.523707924761684 0.0976480085127506 0.464536401767032
0.532854956058207 0.0946073399162646 0.47174056419572
0.541283244721352 0.0901904397207473 0.478055560480024
0.54898811350401 0.08438835204273 0.483475604334858
0.555966693332022 0.077195583246058 0.487997146390131
0.562217930475374 0.068610115673121 0.491618883062318
0.567742589181967 0.0586334126879459 0.494341759812743
0.572543249767404 0.0472704150185483 0.496168968784418
0.576624302165536 0.0345295284076866 0.497105940823344
0.57999193495592 0.0204226026028821 0.497160331904231
0.582654119895589 0.00496490173822083 0.496342003994543
0.584620591993814 -0.0118249338180304 0.494663000404718
0.585902825179648 -0.0299249340546396 0.492137515686162
0.586514003623081 -0.0493098542309934 0.488781860152266
0.586468988781482 -0.0699512379758021 0.484614419111111
0.58578428225369 -0.0918174884132102 0.479655606911781
0.584477984534617 -0.114873947138526 0.473927815919114
0.582569749773436 -0.139082980846191 0.467455360544456
0.580080736648439 -0.164404075393436 0.460264416472295
0.577033555481367 -0.190793937064544 0.452382955234681
0.573452211723376 -0.218206600782593 0.44384067429696
0.569362045953915 -0.246593544998207 0.434668922829586
0.56478967054247 -0.275903812968164 0.424900623351509
0.559762903131503 -0.306084140120710 0.414570189441034
0.554310697106832 -0.337079087189256 0.403713439719792
0.548463069229244 -0.368831178781667 0.392367508324838
0.54225102460823 -0.401281047038811 0.380570752092656
0.535706479205351 -0.434367580023293 0.368362654687032
0.528862180060962 -0.468028074467465 0.355783727910468
0.521751623443661 -0.502198392498941 0.342875410445767
0.514408971127067 -0.536813121951884 0.329679964280908
0.506868965003172 -0.571805739863342 0.316240369076089
0.499166840245706 -0.607108778746022 0.302600214736956
0.491338237240555 -0.642653995221865 0.288803592462542
0.483419112503355 -0.678372540594951 0.274894984540233
0.475445648806927 -0.71419513293739 0.260919153163209
0.467454164743195 -0.750052230258047 0.246921028548283
0.459481023945613 -0.78587420432132 0.232945596633749
0.451562544199025 -0.821591514681455 0.219037786637969
0.443734906664113 -0.857134882497444 0.205242358759727
0.436034065443339 -0.89243546369406 0.191603792301038
0.428495657714416 -0.927425021036177 0.178166174492061
0.421154914655918 -0.96203609468633 0.164973090295981
0.414046573387689 -0.996202170819175 0.152067513469306
0.407204790146126 -1.02985784787140 0.139491699149847
0.400663054911381 -1.06293900001161 0.127287078240884
0.394454107699854 -1.09538293742145 0.115494153855489
0.388609856731193 -1.12712856298756 0.104152400079827
-0.710678701325623 0.4898834749875 -0.506699836691493
-0.715701558827829 0.459710634436886 -0.517025433601438
-0.72026977216234 0.430408335914584 -0.526788584118359
-0.72435553408972 0.402029824072878 -0.535954887533675
-0.727932243247795 0.374626034578448 -0.544491434945726
-0.730974570641202 0.348245466799732 -0.55236689151489
-0.733458522950691 0.322934062583763 -0.55955157478436
-0.735361502503925 0.298735091425474 -0.566017528870835
-0.736662363757893 0.275689042316501 -0.571738594339662
-0.737341466151756 0.253833522543785 -0.576690473589801
-0.737380723198018 0.233203163690943 -0.580850791585176
-0.736763647689327 0.213829535077344 -0.58419915178061
-0.735475392907908 0.195741064851249 -0.586717187102567
-0.733502789734625 0.178962968934251 -0.588388605857268
-0.730834379564917 0.163517187994598 -0.589199232451444
-0.727460442949349 0.149422332606951 -0.589137042823937
-0.723373023887166 0.13669363673564 -0.588192194499586
-0.718565949712156 0.125342919657686 -0.586357051190296
-0.7130348465211 0.115378556420765 -0.583626201881774
-0.706777150106255 0.106805456909948 -0.579996474358253
-0.699792112364529 0.0996250535755475 -0.575466943131376
-0.692080803167361 0.0938352978527373 -0.570038931753436
-0.68364610768659 0.0894306652818974 -0.563716009509183
-0.674492719183033 0.086402169316886 -0.556503982494474
-0.664627127275777 0.0847373837867252 -0.548410879104054
-0.654057601721508 0.084420473954556 -0.539446929964752
-0.642794171744429 0.0854322360962348 -0.529624542364242
-0.63084860096842 0.0877501454996427 -0.518958269239283
-0.61823435801411 0.091348412764734 -0.507464772800962
-0.604966582834333 0.0961980482636076 -0.495162782887834
-0.591062048872133 0.102266934599477 -0.482073050151092
-0.576539121135894 0.109519906883435 -0.468218294188735
-0.561417710296383 0.117918840628369 -0.453623146758412
-0.545719222920439 0.127422747040315 -0.438314090210852
-0.529466507965706 0.137987875469101 -0.422319391297781
-0.512683799670143 0.149567822762187 -0.405669030519764
-0.49539665697904 0.162113649248380 -0.388394627190566
-0.477631899660977 0.175574001061525 -0.370529360405332
-0.45941754127236 0.189895238498422 -0.352107886110136
-0.440782719138126 0.205021570090158 -0.333166250480157
-0.421757621523604 0.220895192051711 -0.313741799823015
-0.402373412179569 0.23745643276132 -0.293873087232457
-0.3826621524491 0.254643901908459 -0.273599776225690
-0.362656721130917 0.272394643937639 -0.252962541605258
-0.342390732299508 0.290644295404516 -0.232002967793206
-0.321898451287448 0.309327245850976 -0.210763444891688
-0.301214709039914 0.328376801797113 -0.189287062729790
-0.280374815055458 0.347725353440202 -0.167617503161391
-0.259414469130655 0.367304543643982 -0.145798930883285
-0.238369672129199 0.387045438795911 -0.123875883046432
-0.217276635998495 0.406878701105287 -0.101893157936283
-0.196171693258649 0.426734761911617 -0.0798957030003908
-0.175091206190087 0.446543995570045 -0.0579285025032011
-0.154071475946797 0.466236893479192 -0.0360364650888208
-0.13314865182234 0.485744237816468 -0.0142643115327918
-0.112358640895452 0.504997274546578 0.007343537036554
-0.0917370182810422 0.523927885270802 0.0287430701677828
-0.0713189382109313 0.542468757487523 0.0498907980895695
-0.0511390461665847 0.560553552838416 0.0707438604124724
-0.0312313922834475 0.578117072919804 0.0912601332575907
-0.0116293462433416 0.595095422244708 0.111398334544320
0.00763448613236077 0.611426167948287 0.131118127174055
0.0265283443803117 0.62704849583749 0.150380219851932
0.0450213927798019 0.641903362394865 0.169146465294600
0.0630837974260075 0.655933642356603 0.187379955578566
0.0806868007992113 0.669084271495947 0.205045114390777
0.0978027936436273 0.681302384255083 0.222107785950879
0.114405383976163 0.692537445881504 0.238535320382882
0.130469463052627 0.70274137873857 0.254296655322838
0.145971268126522 0.711868682474563 0.269362393558584
0.160888441843526 0.719876547749871 0.283704876507454
0.175200088123240 0.72672496323804 0.297298253348338
0.188886824388509 0.732376815633255 0.310118545635269
0.201930830011762 0.736797982414275 0.322143707231046
0.214315890857311 0.739957417132967 0.333353679411106
0.226027439808235 0.741827227014255 0.343730440999878
0.237052593176594 0.742382742673534 0.353258053414343
0.247380182905938 0.741602579777281 0.361922700502191
0.257000784485628 0.739468692492755 0.369712723075003
0.265906740507207 0.735966418593182 0.376618648050153
0.274092179803935 0.731084516105679 0.382633212128579
0.281553032125644 0.72481519141034 0.387751379949250
0.288287038312247 0.71715411872022 0.391970356674945
0.294293755940461 0.708100450893557 0.39528959497789
0.299574560429634 0.697656821551175 0.397710796407794
0.304132641603913 0.685829338493815 0.399237907138861
0.307972995719345 0.672627568435804 0.399877108106406
0.31110241297584 0.658064513093257 0.39963679955774
0.313529460545206 0.64215657668656 0.398527580055925
0.315264461157683 0.624923524938353 0.396562219988886
0.316319467300490 0.606388435669528 0.39375562965009
0.316708231092887 0.586577641116689 0.390124821970582
0.316446169913038 0.565520662115273 0.385688869995510
0.315550327862594 0.543250134312843 0.380468859211456
0.314039333165316 0.519801726596956 0.37448783484369
0.311933351606217 0.495214051941526 0.367770744255114
0.309254036127601 0.4695285708945 0.360344374590847
0.306024472707985 0.442789487948073 0.352237285824311
0.302269122659174 0.415043641050487 0.343479739372174
0.298013761485721 0.386340384535546 0.334103622456562
0.293285414459592 0.35673146576249 0.324142368403619
0.288112289071057 0.326270895774546 0.313630873077596
0.282523704524655 0.295014814299443 0.302605407659367
0.276550018456456 0.263021349429337 0.291103527987368
0.270222551055773 0.230350472330848 0.279163980687554
0.263573506781008 0.197063847348377 0.266826606327020
0.256635893865274 0.163224677875362 0.254132239833328
0.249443441812999 0.128897548378705 0.241122608428453
0.242030517093741 0.0941482629712452 0.227840227332463
0.234432037243899 0.0590436809357403 0.214328293497607
0.226683383591067 0.0236515496114868 0.200630577638434
0.218820312819138 -0.0119596649387498 0.1867913148278
0.210878867595213 -0.0477209490582384 0.172855093932222
0.202895286481708 -0.0835629139944757 0.158866746162937
0.194905913358817 -0.119415969334938 0.144871233021217
0.186947106583745 -0.155210496946864 0.130913533918035
0.179055148113742 -0.190877024986333 0.117038533748959
0.171266152820111 -0.226346401541698 0.103290910705292
0.163615978219837 -0.261549967477343 0.08971502460186
0.156140134850466 -0.296419728045774 0.0763548060005765
0.148873697512259 -0.33088852283907 0.063253646406918
0.141851217599453 -0.36489019365493 0.0504542898137567
0.135106636739777 -0.39835974985772 0.0379987258636412
0.128673201958046 -0.431233530821225 0.0259280848965522
0.122583382575930 -0.46344936504705 0.0142825351454807
0.116868789055547 -0.494946725560994 0.00310118233675946
0.111560093989776 -0.525666881198958 -0.00757802805388533
0.106686955436747 -0.555553043404276 -0.0177184056452610
0.102277942790141 -0.584550508169531 -0.0272846068575576
0.0983604653705852 -0.612606792768075 -0.0362427232528843
0.0949607039166267 -0.639671766933524 -0.0445603662887092
0.0921035451465192 -0.665697778159311 -0.0522067482723474
0.0898125195543894 -0.690639770805135 -0.0591527593141575
0.0881097425962537 -0.714455398712603 -0.0653710400871088
0.0870158594128995 -0.737105131048565 -0.070836050210846
0.0865499932277822 -0.758552351111614 -0.0755241320893417
0.0867296975489266 -0.77876344785477 -0.079413570042565
0.0875709122942988 -0.79770789989559 -0.0824846445843726
0.0890879239503112 -0.815358351803734 -0.0847196817109552
0.091293329863049 -0.83169068247529 -0.0861030970766404
0.0941980067514638 -0.84668406542297 -0.0866214349466427
0.0978110835212418 -0.860321020831492 -0.0862634018293916
0.102139918447293 -0.872587459248002 -0.08501989470438
0.107190080781896 -0.883472716798377 -0.0828840237749746
0.112965336834468 -0.892969581841356 -0.0798511296893181
0.119467640557754 -0.901074312993882 -0.075918795186284
0.12669712866396 -0.907786648482617 -0.0710868511373691
0.134652120283046 -0.913109806798237 -0.0653573769694279
0.143329121164024 -0.91705047865088 -0.0587346954671873
0.152722832408766 -0.919618810246857 -0.0512253619685367
0.162826163716492 -0.920828377928421 -0.0428381479795973
0.173630251105826 -0.920696154239979 -0.0335840192505246
0.185124479070134 -0.919242465505571 -0.0234761083668444
0.197296507110765 -0.916490941023648 -0.0125296819248264
0.210132300581868 -0.912468454006128 -0.000762102372947188
0.223616165769696 -0.907205054409366 0.0118072153851908
0.237730789118722 -0.900733893824908 0.0251568525180065
0.252457280506507 -0.893091142617781 0.0392634398018641
0.267775220459171 -0.884315899519415 0.0541017160319645
0.283662711189442 -0.874450093901178 0.0696445911621967
0.30009643132972 -0.863538380972784 0.0858632140161481
0.317051694223350 -0.851628030167525 0.10272704440002
0.334502509628407 -0.838768806993304 0.120203929437205
0.352421648679771 -0.825012848644782 0.138260183933738
0.3707807119471 -0.810414533687546 0.156860674573732
0.389550200418621 -0.795030346140015 0.175968907734377
0.408699589233297 -0.778918734292808 0.195547120700985
0.428197403977078 -0.762139964618461 0.215556376054117
0.448011299352554 -0.744755971136622 0.235956658992850
0.468108140025343 -0.726830200611268 0.256706977350940
0.488454083445175 -0.708427453966834 0.277765464055886
0.509014664434643 -0.689613724319645 0.299089481774816
0.529754881334198 -0.670456032029501 0.320635729485606
0.550639283488068 -0.651022257183672 0.342360350706888
0.571632059852435 -0.631380969932038 0.364219043116415
0.592697128504395 -0.611601259097426 0.386167169283788
0.613798226827974 -0.591752559489529 0.408159868240793
0.634899002151782 -0.571904478354045 0.430152167610452
0.655963102611763 -0.552126621390809 0.452099096014553
0.676954268011919 -0.532488418775803 0.473955795478663
0.697836420455917 -0.513058951621867 0.495677633553711
0.718573754523041 -0.493906779311895 0.517220314873866
0.7391308267631 -0.475099768136086 0.538539991871876
0.75947264428659 -0.456704921661554 0.559593374375162
0.779564752228696 -0.438788213258318 0.580337837808696
0.799373319868512 -0.421414421200224 0.600731529734241
0.81886522518822 -0.404646966753002 0.620733474459654
0.83800813766089 -0.388547755654132 0.640303675456771
0.856770599059957 -0.373177023380729 0.659403215331905
0.875122102088404 -0.358593184592238 0.677994353099056
0.893033166631119 -0.344852687124194 0.696040618512724
0.910475413439827 -0.332009870898035 0.713506903224529
0.927421635066434 -0.320116832099598 0.730359548535794
0.943845863867475 -0.309223292965783 0.746566429526773
0.959723436909701 -0.299376477504860 0.762097035352208
0.975031057614568 -0.290620993461041 0.776922545502558
0.989746853987547 -0.282998720818347 0.791015901840264
1.00385043328673 -0.276548707122463 0.804351876231
1.01732293299404 -0.271307069882206 0.816907133600872
1.03014706796174 -0.267306906294566 0.828660290261946
-0.595432826383729 1.26342178948105 -0.260408032639665
-0.583950754888463 1.26485220129261 -0.250315160686758
-0.573159027666273 1.26496075802183 -0.241076322886110
-0.56306822932981 1.26372719249976 -0.232704613603889
-0.55368719253455 1.26113459216408 -0.225210959836557
-0.545022975901751 1.25716944133177 -0.218604093899073
-0.537080846375578 1.25182165498120 -0.212890531598653
-0.529864266058483 1.24508460395950 -0.208074555948639
-0.523374883557759 1.23695513155195 -0.204158206463206
-0.517612529864869 1.22743356137215 -0.201141274059632
-0.512575218777892 1.21652369655312 -0.199021301580898
-0.508259151865983 1.20423281024149 -0.197793589937298
-0.504658727963476 1.19057162741839 -0.197451209851723
-0.501766557169884 1.17555429809258 -0.197985019179238
-0.499573479320797 1.15919836193283 -0.199383685757687
-0.498068586883523 1.14152470442784 -0.201633715732193
-0.497239252220243 1.12255750468344 -0.204719487282775
-0.497071159150526 1.10232417498738 -0.208623289670754
-0.497548338734324 1.08085529229290 -0.21332536750638
-0.498653209186008 1.05818452179229 -0.21880397012702
-0.500366619819673 1.03434853277140 -0.225035405962482
-0.502667898915882 1.00938690695557 -0.231994101751607
-0.505534905390196 0.983342039575885 -0.239652666462099
-0.508944084134359 0.956259033403213 -0.247981959753846
-0.512870524891795 0.928185586014749 -0.256951164814592
-0.517288024520281 0.899171870574913 -0.266527865385914
-0.522169152486154 0.869270410428575 -0.276678126786994
-0.527485319426361 0.838535947820041 -0.287366580733642
-0.533206848606978 0.80702530706595 -0.298556513740592
-0.539303050099589 0.774797252524086 -0.310209958886089
-0.545742297490121 0.741912341713075 -0.322287790709428
-0.552492106928412 0.708432773950133 -0.334749823004222
-0.55951921832092 0.674422234885167 -0.347554909262993
-0.566789678463631 0.63994573731981 -0.360661045522018
-0.574268925907391 0.605069458709284 -0.37402547534935
-0.581921877343528 0.569860575753218 -0.387604796713642
-0.589713015293849 0.534387096488891 -0.401355070466617
-0.597606476885844 0.498717690306555 -0.415231930168055
-0.605566143491191 0.462921516311713 -0.429190692978793
-0.613555731003508 0.427068050463387 -0.443186471344545
-0.62153888052973 0.391226911920393 -0.457174285191419
-0.629479249268407 0.355467689029703 -0.471109174352669
-0.637340601347774 0.319859765391823 -0.4849463109457
-0.645086898396567 0.284472146437914 -0.498641111418433
-0.652682389621176 0.249373286952168 -0.51214934798496
-0.660091701164015 0.214630919970485 -0.525427259171977
-0.66727992451974 0.180311887483164 -0.538431659199679
-0.674212703788337 0.146481973364738 -0.551120045923716
-0.680856321546976 0.113205738948540 -0.563450707068424
-0.687177783126008 0.0805463616570041 -0.575382824485783
-0.69314489907846 0.0485654770910039 -0.586876576179538
-0.698726365636883 0.017323024972951 -0.597893235839443
-0.703891842956472 -0.0131229006712930 -0.608395269636873
-0.708612030948878 -0.0427161967172328 -0.618346430039849
-0.712858742517164 -0.071402891170323 -0.627711846412987
-0.716604974008875 -0.0991312780678533 -0.636458112175928
-0.7198249727111 -0.125852046716925 -0.644553368302392
-0.722494301218846 -0.151518404945502 -0.65196738295115
-0.724589898515823 -0.176086196058477 -0.658671627029885
-0.726090137614975 -0.199514009206405 -0.664639345503061
-0.726974879614681 -0.221763282891066 -0.669845624265585
-0.727225524035527 -0.242798401349127 -0.674267452415085
-0.726825055311814 -0.262586783572999 -0.677883779767193
-0.725758085321611 -0.281098964746397 -0.680675569470034
-0.724010891849045 -0.298308669891023 -0.682625845586447
-0.721571452882697 -0.314192879540338 -0.683719735524985
-0.718429476664366 -0.328731887276236 -0.683944507213649
-0.714576427413109 -0.341909348984825 -0.683289600923433
-0.710005546660244 -0.353712323708206 -0.681746655662157
-0.704711870142004 -0.364131305990120 -0.679309530072583
-0.698692240207612 -0.373160249634643 -0.675974317782612
-0.691945313711759 -0.380796582818529 -0.671739357169186
-0.684471565371774 -0.387041214519423 -0.666605235511472
-0.676273286581073 -0.391898532243896 -0.660574787522976
-0.667354579681871 -0.395376391060957 -0.653653088266232
-0.657721347711464 -0.397486093968481 -0.645847440467791
-0.647381279647707 -0.398242363641589 -0.637167356265205
-0.636343831190576 -0.397663305633638 -0.62762453343164
-0.62462020112784 -0.395770363121761 -0.617232826137534
-0.612223303343928 -0.392588263310091 -0.606008210322385
-0.599167734541939 -0.388144955624633 -0.593968743763223
-0.58546973775949 -0.382471541854253 -0.581134520939575
-0.571147161769577 -0.375602198412399 -0.567527622807724
-0.556219416467941 -0.367574090913872 -0.553172061609824
-0.540707424358436 -0.35842728128014 -0.538093720855797
-0.524633568257667 -0.348204627605402 -0.522320290628042
-0.508021635349602 -0.336951677033671 -0.505881198370642
-0.490896757730005 -0.324716551914635 -0.488807535336089
-0.473285349589279 -0.311549829522839 -0.471131978873334
-0.455215041190751 -0.297504415640847 -0.452888710751445
-0.436714609809404 -0.282635412322336 -0.434113331722974
-0.417813907803671 -0.266999980165655 -0.414842772540624
-0.398543788000092 -0.250657195442101 -0.395115201649599
-0.37893602657731 -0.233667902436005 -0.374969929786363
-0.359023243642177 -0.216094561365709 -0.354447311722281
-0.338838821696474 -0.198001092265551 -0.3335886453977
-0.318416822198041 -0.179452715219066 -0.312436068698607
-0.297791900424872 -0.160515787342745 -0.291032454133862
-0.276999218854967 -0.141257636927793 -0.269421301676248
-0.256074359278452 -0.121746395154479 -0.247646630035198
-0.235053233861631 -0.102050825799659 -0.225752866632946
-0.213971995385276 -0.082240153363147 -0.203784736559104
-0.192866946881501 -0.062383890042517 -0.181787150781239
-0.171774450895087 -0.0425516619888054 -0.159805093890829
-0.15073083859606 -0.0228130352774044 -0.137883511665229
-0.129772318970687 -0.00323734202909487 -0.116067198726623
-0.108934888317864 0.0161064928841457 -0.0944006865788003
-0.0882542402771195 0.0351501241154264 -0.072928132301591
-0.0677656766131003 0.0538259566707236 -0.0516932081811549
-0.0475040189795491 0.0720673148611522 -0.0307389925520194
-0.027503521883302 0.0898086089574713 -0.0101078621236725
-0.00779778706586176 0.106985499130247 0.0101586139391401
0.0115803204834559 0.123535056265916 0.0300197779176775
0.0305987546728833 0.139395919256806 0.0494359851623299
0.0492263684067352 0.154508448371934 0.06836870318359
0.0674329914369314 0.168814874325286 0.0867806079632141
0.0851895057729025 0.182259442668939 0.104635677244828
0.102467918461402 0.194788553150149 0.121899280570807
0.119241431554315 0.20635089368407 0.138538265840390
0.135484509089564 0.216897568607235 0.154521042172657
0.151172940917724 0.226382220891258 0.169817658867288
0.166283903214782 0.234761148011259 0.184399880265709
0.180796015529811 0.241993411179419 0.19824125632554
0.194689394224969 0.248040937670628 0.21131718873192
0.207945702174228 0.252868615984467 0.223604992380488
0.220548194596648 0.256444383605677 0.235083952078327
0.232481760909604 0.25873930714375 0.245735374321159
0.243732962497375 0.259727654651331 0.255542634017371
0.254290066300685 0.259386959940693 0.264491216042085
0.26414307414324 0.257698078737503 0.27256875151741
0.27328374772196 0.254645236531534 0.279765048728198
0.281705629198451 0.250216068004731 0.286072118596022
0.289404057340232 0.244401647938066 0.291484194647709
0.296376179171393 0.237196513519932 0.295997747428527
0.302620957103548 0.228598678000333 0.299611493323977
0.308139171529264 0.218609635656721 0.302326397768161
0.312933418871487 0.207234358059082 0.304145672830706
0.317008105093839 0.194481281643599 0.305074769188255
0.320369434688 0.180362286625957 0.305121362500618
0.323025395165710 0.164892667306989 0.304295334225621
0.324985737094154 0.148091093844890 0.302608746920604
0.326261949724618 0.129979565589543 0.300075814092311
0.326867232275344 0.110583356095607 0.296712864670529
0.326816460940361 0.0899309499517836 0.292538302194261
0.326126151706745 0.0680539715841866 0.287572558812468
0.324814419073255 0.044987106211745 0.281838044214336
0.322900930773518 0.0207680131512178 0.275359089616724
0.320406858616939 -0.00456276831148263 0.268161886948791
0.317354825570201 -0.0309619202483985 0.260274423385816
0.313768849211633 -0.0583834543617796 0.251726411395835
0.309674281699773 -0.0867788269308816 0.242549214473946
0.30509774640617 -0.116097060145987 0.232775768749901
0.300067071370826 -0.146284869526377 0.222440500664940
0.294611219746584 -0.177286797103791 0.211579240923609
0.288760217406333 -0.209045350038458 0.200229134935669
0.28254507789396 -0.241501144321256 0.188428549971909
0.275997724906645 -0.274593053202808 0.176216979265953
0.269150912502243 -0.308258359978523 0.163634943301744
0.262038143231191 -0.342432914747699 0.150723888533432
0.25469358439759 -0.377051294754855 0.137526083790833
0.247151982658732 -0.412046967912558 0.124084514629359
0.239448577176555 -0.447352459096989 0.110442775888521
0.231619011538088 -0.482899518800609 0.096644962727532
0.223699244665049 -0.518619293720394 0.08273556041037
0.215725460935266 -0.554442498855223 0.0687593331157929
0.207733979740577 -0.590299590682304 0.0547612120501986
0.199761164707267 -0.626120940979762 0.0407861831430111
0.191843332805939 -0.66183701086093 0.0268791746052855
0.184016663577997 -0.69737852458536 0.0130849446325738
0.176317108705642 -0.732676642712083 -0.000552030467246722
0.168780302151385 -0.767663134162365 -0.0139876674415857
0.161441471091698 -0.802270546761875 -0.0271783862783113
0.154335347867424 -0.836432375835985 -0.0400812191330840
0.147496083171003 -0.870083230436829 -0.0526539177265944
0.140957160687538 -0.903158996786611 -0.0648550589432521
0.134751313403013 -0.935596998528664 -0.0766441483674067
0.128910441788877 -0.967336153385697 -0.0879817214982966
0.123465534067479 -0.998317125833679 -0.098829442390747
0.118446588757649 -1.02848247540975 -0.109150199475073
0.113882539694026 -1.05777680028347 -0.118908198316668
0.109801183707539 -1.08614687573251 -0.128069051083456
0.106229111147806 -1.11354178717678 -0.13659986249756
0.103191639421106 -1.13991305743835 -0.144469312056363
0.100712749710052 -1.16521476790914 -0.151647732317461
0.0988150270331218 -1.18940367332352 -0.158107183051808
0.0975196037938725 -1.21243930984898 -0.163821521079745
0.0968461069609396 -1.23428409622462 -0.168766465615332
0.096812609010836 -1.25490342769472 -0.172919658955667
0.097435582756171 -1.27426576250262 -0.176260722363500
0.0987298601722005 -1.29234270072869 -0.178771307003463
0.100708595324612 -1.30910905527535 -0.180435139804604
0.103383231491209 -1.32454291482164 -0.181238064134587
0.106763472559680 -1.33862569859019 -0.181168075183900
0.110857258772930 -1.35134220278943 -0.180215349971633
0.115670746882608 -1.36268063861516 -0.178372271897804
0.121208294760438 -1.37263266171644 -0.175633449780902
0.127472450505803 -1.38119339305212 -0.171995731333027
0.13446394607683 -1.38836143108588 -0.167458211038973
0.142181695460873 -1.39413885528935 -0.162022232419539
0.150622797388977 -1.39853122094454 -0.155691384673430
-0.716497457412455 0.294452454741512 -0.54847149370613
-0.706625574450937 0.292799715175044 -0.54037060756817
-0.696049839207516 0.292494695510557 -0.531398976339195
-0.684780296427382 0.293518162304683 -0.521569026508101
-0.672828725013241 0.295847561589767 -0.510895329913288
-0.66020860858419 0.299457075247042 -0.499394567320648
-0.646935101773692 0.304317685538484 -0.487085486730341
-0.633024992350884 0.310397247636038 -0.473988856516558
-0.618496659259898 0.317660569966959 -0.460127413517399
-0.60337002668207 0.326069502174401 -0.445525806204623
-0.587666514235867 0.335583030473453 -0.4302105330753
-0.571408983438994 0.346157380164236 -0.414209876419374
-0.554621680566503 0.357746125045857 -0.397553831628664
-0.537330176047737 0.370300303457735 -0.380274032224005
-0.519561300553571 0.383768540658249 -0.362403670787923
-0.501343077933708 0.398097177234838 -0.343977416000463
-0.482704655171651 0.413230403224591 -0.325031325985548
-0.463676229532422 0.429110397610083 -0.30560275818444
-0.444288973085126 0.445677472841814 -0.285730275981599
-0.424574954789012 0.462870224025988 -0.265453552316303
-0.404567060337778 0.480625682404777 -0.244813270520963
-0.384298909962462 0.498879472745416 -0.223851022633974
-0.363804774398374 0.517565974244762 -0.202609205441288
-0.343119489226103 0.536618484547131 -0.181130914506520
-0.322278367800711 0.555969386465442 -0.159459836454488
-0.301317112986736 0.575550316988972 -0.137640139777405
-0.280271727919621 0.595292338155283 -0.115716364436644
-0.259178426016630 0.615126109359223 -0.0937333105360366
-0.238073540462158 0.634982060668335 -0.0717359263449381
-0.216993433393702 0.654790566711441 -0.0497691959509711
-0.195974405015443 0.674482120705825 -0.0278780268232283
-0.175052602866649 0.693987508187984 -0.00610713756698836
-0.154263931471648 0.713237980013738 0.0154990538495073
-0.133643962597215 0.732165424195298 0.036896541116847
-0.113227846341684 0.75070253614575 0.0580418395772974
-0.0930502232780065 0.76878298690548 0.0788920949138063
-0.0731451378703571 0.786341588930024 0.0994051902634756
-0.0535459533807079 0.803314459024981 0.119539851487784
-0.0342852684780427 0.819639178020737 0.139255750336442
-0.0153948357586680 0.83525494678787 0.158513605247009
0.00309451761874463 0.850102738203314 0.177275279528344
0.0211529669850036 0.864125444687436 0.195503876682479
0.0387517647065291 0.877268020943223 0.213163832626634
0.0558633120394773 0.889477621540882 0.230221004584920
0.0724612281122151 0.900703733003871 0.246642756427483
0.0885204158637702 0.910898300066298 0.262398040243839
0.104017124773409 0.92001584578606 0.277457473946485
0.118929010224564 0.928013585213495 0.291793414710801
0.133235189354751 0.934851532331503 0.305380028067733
0.146916293251837 0.940492599999737 0.318193352476499
0.159954515366241 0.94490269265316 0.330211359215968
0.172333656018034 0.94805079152319 0.34141400744499
0.184039162887696 0.949909032168469 0.351783294294057
0.195058167389346 0.950452774121456 0.361303299863109
0.205379516835496 0.949660662476764 0.369960227012984
0.214993802312965 0.947514681267299 0.37774243585109
0.223893382200263 0.9440001984948 0.384640472825068
0.232072401267665 0.93910600270221 0.390647094351751
0.239526805312233 0.932824330996483 0.395757284922351
0.246254351291215 0.92515088845177 0.399968269638616
0.252254612928481 0.9160848588445 0.403279521148636
0.257528981779995 0.905628906693516 0.405692760964942
0.262080663755647 0.89378917060016 0.407211955161625
0.265914671106147 0.880575247904967 0.407843304461213
0.269037809895014 0.866000170699319 0.4075952287361
0.271458662986954 0.850080373251995 0.406478345963242
0.273187568595173 0.832835650932063 0.404505445684750
0.274236594441228 0.814289110730764 0.401691457040695
0.274619507592007 0.79446711350607 0.398053411454029
0.274351740049230 0.773399208094265 0.393610400060903
0.273450350177485 0.751118057453246 0.388383525992765
0.271933980067195 0.727659357022133 0.382395851629519
0.269822808939107 0.703061745501273 0.375672340955596
0.267138502706744 0.677366708275594 0.368239797162983
0.263904159822910 0.650618473722768 0.360126795657209
0.260144253545581 0.622863902665284 0.351363612633708
0.255884570767506 0.594152371242799 0.341982149403100
0.251152147562415 0.564535647497519 0.332015852654535
0.245975201608900 0.534067761981028 0.321499630856372
0.240383061660927 0.502804872706077 0.310469767003209
0.234406094241214 0.470805124780771 0.298963827927275
0.228075627740744 0.438128505076091 0.287020570400921
0.22142387411411 0.404836692289973 0.274679844264879
0.214483848366389 0.370992902782652 0.261982492824398
0.207289286032838 0.336661732568719 0.248970250762274
0.199874558857614 0.301908995860696 0.235685639823853
0.192274588882319 0.266801560567795 0.222171862534828
0.184524761159087 0.231407181160974 0.208472694217428
0.176660835306371 0.195794329322027 0.194632373574892
0.168718856128533 0.160032022800064 0.180695492117773
0.160735063522594 0.124189652903056 0.166706882708363
0.152745801897367 0.0883368110557146 0.152711507501897
0.144787429331374 0.0525431148571878 0.138754345564586
0.136896226696566 0.0168780340732863 0.124880280449359
0.129108306975054 -0.0185892830017178 0.111133988010376
0.121459524995452 -0.0537901823798431 0.0975598247366412
0.113985387814477 -0.0886566759786027 0.0842017168838891
0.106720965967812 -0.123121611555791 0.0711030506818289
0.099700805812011 -0.157118840555146 0.0583065638911477
0.0929588431766201 -0.190583383443255 0.0458542389813857
0.0865283185422595 -0.223451592124581 0.0337871981966096
0.0804416939567413 -0.255661309028535 0.0221456007712263
0.0747305718968605 -0.287152022471029 0.0109685425528171
0.0694256162786488 -0.317865017902189 0.000293958282864548
0.0645564758135682 -0.34774352466213 -0.00984147322032802
0.0601517099021606 -0.376732857878062 -0.0194024207395951
0.0562387172504258 -0.404780555147982 -0.0283549889685454
0.0528436673873294 -0.431836507669347 -0.0366668032321698
0.0499914352545988 -0.457853085485009 -0.0443070904066819
0.0477055390323352 -0.482785256533274 -0.0512467558362864
0.0460080813558017 -0.50659069920463 -0.0574584560546784
0.0449196940703498 -0.529229908123715 -0.0629166671294641
0.0444594866625549 -0.55066629289218 -0.067597748458695
0.0446449984964433 -0.570866269545642 -0.0714800018600701
0.0454921549742254 -0.589799344496088 -0.074543725805082
0.0470152277310766 -0.60743819074998 -0.0767712646625858
0.0492267989634856 -0.623758716211498 -0.0781470528286777
0.052137729980317 -0.638740123900231 -0.0786576536325975
0.0557571340551919 -0.652364963932808 -0.0782917929214121
0.0600923536480533 -0.664619177138504 -0.0770403872395217
0.065148942052838 -0.675492130199858 -0.0748965665325716
0.0709306495171344 -0.684976642230422 -0.071855691319009
0.0774394138685176 -0.693069002723237 -0.06791536428637
0.0846753556709885 -0.699768980825173 -0.0630754362833132
0.0926367779236267 -0.705079825913935 -0.0573380066924206
0.101320170302210 -0.709008259476319 -0.0507074181828333
0.110720217933195 -0.711564458307985 -0.0431902458558409
0.120829814678136 -0.71276202907678 -0.0347952808105539
0.131640080895326 -0.712617974313142 -0.0255335081707306
0.143140385634281 -0.711152649912642 -0.0154180796276940
0.155318373207576 -0.708389714256834 -0.00446428056794723
0.168159994073633 -0.704356069079627 0.00731050813232992
0.181649539953253 -0.699081792226967 0.0198868535504163
0.195769683092138 -0.692600062477871 0.0332433192892435
0.210501519571249 -0.684947076614777 0.0473565190572149
0.225824616556760 -0.676161958950425 0.0622011751217644
0.241717063371504 -0.66628666353745 0.0777501814905203
0.258155526260249 -0.655365869305118 0.0939746716621633
0.275115306711941 -0.643446868385245 0.110844090777659
0.292570403193113 -0.63057944790652 0.128326271991480
0.310493576138181 -0.616815765552596 0.146387516871977
0.328856416034174 -0.602210219195046 0.164992679629906
0.347629414429709 -0.586819310927031 0.184105254964589
0.366782037690771 -0.570701505837465 0.203687469308171
0.386282803318878 -0.553917085878767 0.223700375239849
0.406099358640943 -0.536527999193356 0.244103948834156
0.426198561674107 -0.518597705275559 0.264857189699926
0.446546563963425 -0.500191016355944 0.285918223459907
0.467108895185394 -0.481373935404463 0.30724440641492
0.487850549305789 -0.462213491157437 0.328792432130874
0.508736072076538 -0.442777570580594 0.350518439682315
0.529729649652866 -0.423134749187021 0.372378123281896
0.550795198109251 -0.403354119634107 0.394326843021754
0.571896453630464 -0.383505119027854 0.416319736450058
0.592997063152198 -0.363657355366306 0.438311830703750
0.614060675224818 -0.343880433555779 0.4602581549173
0.63505103087304 -0.324243781434852 0.482113852626441
0.655932054224487 -0.304816476240948 0.503834293885963
0.676667942680591 -0.285667071953177 0.52537518682135
0.697223256404431 -0.266863427943131 0.546692688335379
0.71756300690188 -0.248472539361762 0.567743513693047
0.737652744474612 -0.230560369686412 0.588485044710861
0.757458644326408 -0.21319168584648 0.608875436280092
0.776947591107533 -0.196429896339802 0.628873720957773
0.79608726168586 -0.180336892744462 0.648439911363951
0.814846205937874 -0.164972895022051 0.667535100129328
0.833193925357594 -0.150396300999137 0.686121557143415
0.851100949286956 -0.13666354040312 0.704162823860152
0.86853890857712 -0.123828933817282 0.721623804425302
0.885480606496548 -0.111944556907640 0.738470853397792
0.901900086708693 -0.101060110260881 0.754671859845805
0.917772698149303 -0.0912227951587912 0.770196327607386
0.933075156641253 -0.0824771955996354 0.785015451514952
0.947785603092861 -0.0748651668613677 0.79910218939323
0.961883658134228 -0.0684257308852506 0.812431329650592
0.97535047305506 -0.0631949787413093 0.824979554294919
0.988168776916614 -0.0592059804194594 0.83672549721643
1.00032291972006 -0.0564887021717595 0.847649797591828
1.01179891152333 -0.055069931612375 0.857735148276283
1.02258445740867 -0.0549732107625064 0.866966339062272
1.03266898821355 -0.0562187772075858 0.87533029469718
1.04204368694807 -0.0588235135138592 0.882816107564628
1.05070151083282 -0.0628009050307634 0.88941506494782
1.05863720890217 -0.068161006184571 0.89512067080681
1.06584733512896 -0.0749104153475653 0.899928662015213
1.07233025703777 -0.0830522583455434 0.903837019015801
1.07808615978525 -0.092586180644881 0.906845970868347
1.08311704569731 -0.103508348238681 0.90895799467709
1.08742672926441 -0.115811457229794 0.910177809399272
1.09102082760724 -0.129484752086758 0.910512364050192
1.09390674643689 -0.144514052527026 0.909970820334298
1.09609366154443 -0.160881788960287 0.908564529745687
1.09759249586619 -0.178567046403288 0.906307005195291
1.09841589218213 -0.19754561675641 0.90321388723563
1.09857818151546 -0.217790059311295 0.899302904967577
1.09809534731253 -0.23926976933834 0.894593831726844
1.09698498549259 -0.261951054582577 0.889108435660934
1.09526626046709 -0.285797219476756 0.882870425320115
1.09295985723869 -0.31076865686117 0.875905390398383
1.09008792969949 -0.336822946980907 0.868240737772566
-0.768625954742157 1.11608503648684 -0.440094377000607
-0.772556874067885 1.08800301364046 -0.449069122558208
-0.776978613941377 1.05898117907857 -0.458651068793456
-0.78186373323057 1.02907207643961 -0.468806267914108
-0.78718363259618 0.998330467070132 -0.479499339294244
-0.792908625975163 0.966813193149963 -0.490693557907418
-0.799008014780412 0.934579035616339 -0.502350946120097
-0.805450164631229 0.901688567242196 -0.514432368615954
-0.812202584422819 0.868204001235757 -0.526897630213797
-0.81923200753711 0.83418903573994 -0.539705576334569
-0.82650447499199 0.799708694620148 -0.55281419586638
-0.833985420321072 0.764829164938483 -0.566180726170399
-0.84163975597185 0.729617631520567 -0.579761759965176
-0.849431961006322 0.694142109028444 -0.593513353822254
-0.857326169884818 0.658471271959379 -0.607391138001837
-0.865286262111189 0.622674282995345 -0.621350427354049
-0.873275952515226 0.586820620132357 -0.635346333008527
-0.881258881946685 0.550979903021673 -0.649333874573219
-0.88919870815424 0.515221718956897 -0.663268092561947
-0.89705919662217 0.479615448942016 -0.677104160769695
-0.90480431113779 0.444230094274996 -0.690797498314791
-0.912398303863208 0.409134104080482 -0.704303881067887
-0.919805804686304 0.374395204222651 -0.717579552189242
-0.926991909627593 0.34008022802579 -0.730581331498054
-0.933922268081991 0.306254949225823 -0.743266723400402
-0.940563168677443 0.272983917570201 -0.755594023106115
-0.946881623535797 0.240330297477162 -0.767522420869027
-0.95284545072531 0.208355710157587 -0.779012103990073
-0.95842335469873 0.177120079594044 -0.790024356328327
-0.963585004515862 0.146681482762068 -0.800521655071169
-0.968301109655114 0.117096004467939 -0.81046776452179
-0.972543493224562 0.08841759716589 -0.819827826669561
-0.976285162389489 0.0606979461050754 -0.828568448316893
-0.979500375840428 0.0339863401433459 -0.836657784544859
-0.98216470813302 0.00832954855079525 -0.84406561830889
-0.984255110738911 -0.0162282958890772 -0.850763435965664
-0.98574996965507 -0.0396458071883327 -0.856724498542354
-0.986629159427529 -0.0618844495980033 -0.861923908570138
-0.986874093454552 -0.0829086339274105 -0.86633867231491
-0.98646777044345 -0.102685806498591 -0.869947757249628
-0.98539481690496 -0.121186530513552 -0.872732144624693
-0.983641525578967 -0.138384559630929 -0.874674877004907
-0.981195889695506 -0.154256903568166 -0.875761100654235
-0.978047632985446 -0.168783885565260 -0.875978102662408
-0.974188235365799 -0.181949191566403 -0.875315342720576
-0.969610954235499 -0.193739910996632 -0.873764479466596
-0.964310841328389 -0.204146569031541 -0.87131939133409
-0.958284755081312 -0.213163150279405 -0.86797619185317
-0.951531368486379 -0.220787113816530 -0.863733239364593
-0.944051172407802 -0.227019399538238 -0.858591141123054
-0.935846474354986 -0.231864425809615 -0.852552751779364
-0.926921392714958 -0.235330078421905 -0.845623166245308
-0.917281846458545 -0.237427690882136 -0.837809706959025
-0.90693554034603 -0.238172016085250 -0.829121905582717
-0.895891945669261 -0.237581189439561 -0.819571479178467
-0.884162276578357 -0.235676683537665 -0.809172300921679
-0.87175946205217 -0.232483254486149 -0.797940365425366
-0.858698113582577 -0.228028880028219 -0.78589374876195
-0.844994488653349 -0.222344689613904 -0.773052563282494
-0.830666450104922 -0.215464886592655 -0.759438907346295
-0.815733421486587 -0.207426662722771 -0.7450768100865
-0.800216338507738 -0.198270105211380 -0.729992171349779
-0.784137596709502 -0.188038096517301 -0.714212696960209
-0.767520995487546 -0.176776207167219 -0.69776782946913
-0.750391678605988 -0.164532581853116 -0.68068867456411
-0.732776071351075 -0.151357819095599 -0.663007923320918
-0.714701814481731 -0.137304844773954 -0.644759770492863
-0.696197695142061 -0.122428779839026 -0.625979829041725
-0.677293574908472 -0.10678680253952 -0.606705041123882
-0.658020315151294 -0.0904380055061886 -0.586973585754178
-0.638409699897419 -0.0734432480510033 -0.56682478337825
-0.618494356386789 -0.0558650040505802 -0.546298997591904
-0.598307673521293 -0.0377672057940358 -0.525437534253146
-0.577883718409889 -0.0192150841855334 -0.504282538239038
-0.557257151218589 -0.000275005701024164 -0.482876888105471
-0.536463138538081 0.0189856934934061 -0.46126408891309
-0.515537265485571 0.0384988758468728 -0.439488163487304
-0.494515446760529 0.058195772732073 -0.41759354238416
-0.473433836876633 0.0780071563310664 -0.395624952837071
-0.452328739794325 0.0978635126687365 -0.373627306962051
-0.431236518179806 0.117695215361553 -0.351645589500792
-0.410193502517315 0.137432699647258 -0.329724745382245
-0.38923590030184 0.157006636260532 -0.307909567383719
-0.368399705539227 0.176348104720078 -0.286244584172239
-0.347720608779925 0.195388765593902 -0.264773949006093
-0.327233907911186 0.214061031312327 -0.243541329374663
-0.306974419930731 0.232298235101707 -0.222589797852451
-0.286976393922397 0.250034797616633 -0.201961724440079
-0.267273425451251 0.267206390854169 -0.181698670661341
-0.247898372592185 0.283750098940324 -0.161841285681054
-0.228883273801833 0.299604575387005 -0.142429204703299
-0.210259267839117 0.314710196426268 -0.123500949904063
-0.192056515934572 0.329009210038683 -0.105093834145862
-0.174304126402964 0.342445880303328 -0.087243867715007
-0.157030081887681 0.354966626708537 -0.0699856683146567
-0.140261169418680 0.366520158075298 -0.0533523745385728
-0.124022913458870 0.377057600758479 -0.0373755630419015
-0.108339512106255 0.386532620805481 -0.0220851696159852
-0.0932337766112736 0.394901539767005 -0.00750941436446212
-0.0787270743605716 0.402123443870411 0.00632526883228263
-0.0648392754696492 0.408160286282857 0.0193942983880629
-0.0515887031179266 0.412976982208561 0.0316750064520495
-0.03899208775034 0.416541496582511 0.0431466955665897
-0.0270645252599357 0.418824924141457 0.0537906904000796
-0.0158194392560063 0.419801561672005 0.0635903844255593
-0.00526854751205297 0.419448972255272 0.0725312814283882
0.00457816732254368 0.417748041347496 0.0806010317392293
0.0137124826739463 0.414683024556436 0.0877894631017893
0.0221279565960172 0.410241586994161 0.0940886060981657
0.0298199438718252 0.404414834107839 0.0994927140682373
0.0367856076242709 0.397197333911490 0.103998277473325
0.0430239264068011 0.388587130563126 0.107604032668208
0.0485356967564937 0.378585749253327 0.110310965059580
0.0533235312031289 0.36719819239307 0.112122306643046
0.0573918517392272 0.3544329271103 0.113043527924817
0.0607468787673689 0.340301864086522 0.113082324248291
0.0633966155524276 0.324820327786298 0.112248596559704
0.0653508282175786 0.308007018154072 0.110554426660922
0.0666210213340724 0.289883963874038 0.108014047011224
0.0672204091658034 0.270476467309917 0.104643805153571
0.0671638826405271 0.249813041262205 0.100462122854260
0.0664679721302976 0.227925337701037 0.0954894500581003
0.0651508061341499 0.204848068652743 0.0897482137742061
0.0632320659662856 0.18061891943785 0.083262762020147
0.0607329365630465 0.155278454477421 0.0760593029645937
0.0576760535315988 0.128870015903116 0.0681658394205347
0.054085446572706 0.101439615224439 0.0596120988528323
0.0499864794189966 0.0730358183239345 0.0504294590750475
0.0454057864388316 0.043709624067756 0.0406508698212351
0.0403712060642661 0.0135143368350827 0.0303107703887828
0.0349117112094566 -0.0174945667150886 0.0194450035580906
0.0290573368534688 -0.0492595763066913 0.00809072600429134
0.0228391049684774 -0.0817212917923176 -0.00371368457507953
0.016288946980979 -0.114818571622675 -0.0159287253843558
0.00943962395987025 -0.148488685668592 -0.0285138672661398
0.002324644730824 -0.182667472013694 -0.0414276560031042
-0.00502181787831823 -0.217289497325769 -0.05462781593194
-0.0125650124518131 -0.252288220406015 -0.0680713556104903
-0.0202696958464701 -0.287596158507399 -0.0817146752739836
-0.0281002212811398 -0.323145056006361 -0.0955136758117193
-0.036020627435116 -0.358866055006346 -0.109423868991896
-0.0439947283327031 -0.394689867446674 -0.123400488659014
-0.051986203789304 -0.430546948286598 -0.137398602625943
-0.059958690192981 -0.466367669331715 -0.151373224981007
-0.0678758713945309 -0.502082493268153 -0.165279428529316
-0.0757015694789598 -0.537622147469678 -0.179072457087373
-0.0833998351914232 -0.572917797143165 -0.192707837350214
-0.0909350377916345 -0.607901217379721 -0.206141490051507
-0.0982719541121745 -0.642504963681456 -0.219329840138773
-0.105375856598050 -0.676662540537571 -0.232229925688309
-0.112212600107508 -0.710308567628534 -0.244799505287638
-0.118748707257104 -0.743378943242812 -0.256997163617036
-0.124951452097719 -0.775811004497762 -0.26878241496625
-0.130788941912401 -0.807543683964225 -0.280115804427712
-0.136230196931535 -0.838517662303269 -0.290959006513239
-0.141245227766147 -0.868675516533667 -0.301274920947810
-0.145805110365748 -0.897961863559432 -0.311027765400925
-0.149882058313396 -0.926323498598709 -0.320183164923789
-0.153449492277279 -0.95370952816804 -0.328708237868799
-0.156482106445187 -0.980071497289547 -0.33657167807652
-0.158955931775877 -1.00536351060316 -0.343743833124796
-0.160848395909185 -1.02954234708109 -0.350196778444352
-0.162138379585172 -1.05256756805793 -0.355904387115677
-0.162806269431281 -1.07440161830622 -0.360842395172718
-0.162834006985543 -1.09500991990496 -0.364988462250156
-0.16220513383334 -1.11436095866645 -0.368322227422688
-0.160904832744861 -1.13242636290528 -0.370825360096735
-0.158919964710462 -1.14918097435282 -0.372481605827376
-0.156239101781351 -1.16460291103975 -0.373276826946001
-0.152852555633501 -1.17867362198965 -0.373199037897115
-0.148752401783425 -1.19137793358668 -0.37223843519599
-0.143932499395248 -1.20270408750183 -0.370387421932265
-0.138388506629603 -1.21264377008252 -0.367640626758272
-0.132117891495968 -1.22119213313249 -0.3639949173146
-0.125119938181324 -1.22834780602967 -0.359449408059370
-0.117395748839314 -1.23411289915212 -0.354005462481626
-0.108948240835431 -1.2384929986031 -0.347666689693317
-0.0997821394551288 -1.24149715224879 -0.340438935408407
-0.089903966093063 -1.24313784710328 -0.332330267331624
-0.0793220219530063 -1.24343097811758 -0.32335095499341
-0.0680463672991581 -1.24239580845048 -0.313513444081433
-0.0560887963107243 -1.24005492132074 -0.302832325332855
-0.0434628076026145 -1.23643416356074 -0.29132429806509
-0.0301835704859291 -1.23156258101292 -0.279008128436201
-0.0162678870525881 -1.22547234593025 -0.265904602539284
-0.00173415017884604 -1.21819867656238 -0.252036474448057
0.0133977024473185 -1.20977974912836 -0.237428409343523
0.0291062381600345 -1.20025660239598 -0.222106921863875
0.0453685828860506 -1.18967303510616 -0.20610030983169
0.0621604783179945 -1.17807549649902 -0.189438583524130
0.0794563425475185 -1.16551297021485 -0.172153390662864
0.0972293340067426 -1.15203685186063 -0.154277937311246
0.115451418558191 -1.13770082054768 -0.135846904876465
0.134093439565547 -1.12256070472191 -0.116896363424065
0.153125190770046 -1.10667434262175 -0.097463681521592
0.172515491790404 -1.09010143771267 -0.0775874328366136
0.192232266057525 -1.07290340945961 -0.0573072997226496
0.212242620989215 -1.05514323981034 -0.0366639740339600
0.232512930204522 -1.03688531577333 -0.0156990554170856
0.253008917572157 -1.01819526848383 0.00554505266658567